6.3152
7.4721
9.6865
8.9680
9.3769
7.3752
7.1167
7.7175
6.7219
8.1085
8.4274
8.0188
8.8254
8.0939
9.1929
8.5230
8.3792
8.3276
8.4411
7.7789
5.8254
8.2918
8.8352
8.4948
7.6064
8.7402
7.7460
6.0461
9.0437
6.7432
8.7973
8.1674
9.1654
7.4488
6.9958
6.3646
6.4562
9.3162
7.1456
7.7702
7.2062
7.8621
6.8786
9.0048
7.2298
7.6498
8.8586
6.3344
8.2195
8.4508
8.2825
7.8485
9.5833
9.0821
7.9344
7.7444
6.7457
6.3851
7.8928
7.9328
7.5478
7.4960
7.8267
8.1958
8.2760
6.9251
9.0093
8.6029
8.6694
8.8083
7.4200
9.0036
8.9143
8.2641
8.2118
6.6264
7.0491
8.2721
8.6643
8.9894
9.4527
7.3437
8.7425
8.3848
7.4949
8.9298
9.6050
8.4007
7.1358
8.6067
7.0557
7.2216
7.3184
8.5501
8.6385
9.0336
7.7324
10.9745
7.8934
10.0237
