8.4131
8.7231
7.6136
8.2701
6.5918
7.0664
8.0825
11.5699
7.4154
7.6597
8.1810
7.5740
7.7707
7.0488
8.9536
8.6768
5.7471
9.5081
7.7952
7.4648
8.1446
7.3854
9.0945
6.7842
5.8237
8.3097
9.8918
8.5654
8.8022
6.9640
7.5575
7.5211
7.0913
7.9126
7.3673
6.0932
6.4482
7.2035
8.3573
7.1729
8.5410
8.6199
8.2464
6.0799
7.9929
9.6199
8.1952
7.5841
7.8851
6.4350
6.8749
9.1627
7.7506
8.9824
7.7443
8.7151
6.8272
10.2461
6.2871
6.9984
8.7834
6.7760
8.6163
7.8489
8.4598
4.9278
8.0510
6.4837
8.6832
8.5789
7.4386
9.5110
9.1077
11.1585
8.6132
8.8708
7.0893
6.8315
7.2977
7.3112
9.3798
7.8750
9.1436
8.3257
7.5240
8.9019
9.3491
8.7391
7.6234
9.6345
7.3288
9.0996
7.7399
9.8551
8.3715
8.4198
8.1866
7.3774
7.7848
8.7778
