5.5756
5.3616
6.8536
5.2442
4.5193
3.5576
3.9153
7.7526
4.2352
4.7195
5.8707
5.6347
5.3929
5.7868
4.7562
6.5970
4.8324
5.7907
5.7612
3.5262
3.2577
4.8507
3.0908
4.9429
6.5024
4.1718
5.6361
5.1124
4.8652
6.6484
3.7240
4.1294
7.3652
4.0309
4.9560
3.8533
5.6521
3.3667
4.0952
4.0573
3.5483
5.2874
4.5509
2.8435
5.7795
5.0881
4.1451
5.6061
4.6521
6.3954
5.8768
4.6354
5.5643
5.8034
6.4371
6.9153
6.3373
6.6120
5.7163
4.7742
6.7849
5.5220
6.6829
4.7559
4.6350
5.0337
5.5980
4.7629
4.3695
5.0583
4.7426
6.0771
5.3947
4.2414
5.5475
3.6019
5.5605
5.7547
5.8253
3.3750
2.7780
4.2061
4.7162
3.6066
5.1496
6.4167
5.2192
4.2263
5.6092
5.4536
4.6932
5.4755
4.1405
4.6983
6.1139
3.6761
5.5651
4.5343
3.7749
6.1925
