4.5997
5.5530
2.4356
4.7603
4.6477
3.6767
3.3375
5.1472
4.6350
7.1066
5.4855
4.7009
5.2917
5.0512
6.9278
4.0470
6.3418
3.6951
4.0394
3.4678
6.3142
4.1972
5.8284
6.8136
4.6517
4.4139
6.1393
5.1562
4.7249
6.3623
5.2360
5.2894
4.3122
3.9656
5.5120
4.9531
6.0306
6.4725
4.7037
4.1335
6.8179
6.0559
4.4183
7.2878
4.4174
4.8873
5.0063
4.7472
4.0323
4.4192
6.0624
5.3585
7.7304
5.3036
5.2719
4.6787
4.5000
5.1630
7.1842
5.5201
3.9930
5.5066
4.7685
5.4331
4.6792
4.7843
5.6201
2.6528
5.0407
7.4366
4.9495
5.4942
4.4356
6.1301
5.8967
5.0611
4.8898
4.7248
6.7553
5.2426
4.2419
4.2438
3.3606
5.0543
5.0378
5.5458
3.2611
5.7948
4.7649
5.0870
5.3606
4.5160
4.5562
3.9149
5.3404
3.5153
3.8150
4.5078
3.0805
4.7667
