8.5017
7.1501
7.4949
7.3656
8.1412
7.7213
7.3961
11.4075
7.3806
7.0742
8.6575
5.9660
8.2623
9.1726
6.5850
8.6744
6.8316
7.1111
7.0222
7.7380
8.6690
7.9864
8.3212
9.5908
6.8043
7.4580
6.7797
8.0778
7.5312
7.5730
7.3709
6.5873
8.2406
7.6522
6.9543
7.9596
8.8671
8.1354
10.7485
7.1680
7.4409
7.9944
9.5610
8.6254
8.0932
7.9492
8.8889
7.9158
8.0686
7.9212
7.0110
7.8181
9.2940
7.8886
8.4046
9.0486
6.5386
8.7393
7.5401
7.4443
9.2372
8.1185
8.8639
8.8928
7.7825
8.5214
7.5596
7.9317
7.1179
8.7628
6.4441
6.8628
8.8205
9.2266
7.4722
6.4315
7.8381
6.7758
8.5013
7.1432
8.0951
7.4695
7.0853
9.2963
5.9484
8.1383
7.5516
8.9000
8.7880
7.3765
8.5767
7.1444
7.7712
7.7227
7.6258
8.6011
8.9509
9.9203
8.4735
7.4511
