4.3282
4.5766
5.4659
5.1810
4.8252
5.1283
6.9437
7.2957
4.1519
4.2842
6.0260
4.1001
5.9877
4.2255
4.8238
5.3539
2.5005
3.9941
3.3662
3.6631
3.5449
3.7344
5.2177
5.9149
6.4126
5.7449
4.5741
6.5973
5.4431
5.4519
4.1648
5.3953
5.3319
6.3396
5.0114
7.6830
5.3275
2.7249
3.5031
4.5782
4.6256
5.1602
3.1699
5.1667
5.2226
4.9612
5.6865
6.1948
5.2021
5.8751
5.2141
5.0362
4.7038
4.2097
6.4896
5.6611
5.7165
4.3673
5.8099
3.9078
6.0890
6.2033
5.6134
4.9079
4.2156
4.8474
4.7133
3.2864
4.3410
5.3024
3.2442
5.9914
5.9015
5.1538
5.4123
5.2167
6.5724
5.2411
5.9315
4.8994
7.0783
5.4043
2.5753
5.6878
4.6364
7.0099
5.0170
5.0714
6.8773
5.1736
6.8851
4.6727
3.6775
4.2928
4.0368
4.6554
2.9351
4.9540
4.9636
5.4039
