15.1129
13.1457
14.7815
16.2231
15.0668
15.2358
15.3165
14.8597
16.0128
14.7299
16.1437
15.9707
14.5680
13.3955
15.1554
15.3174
14.2399
14.9905
15.3984
16.1706
16.7013
16.4049
13.6174
17.0389
13.6853
13.9935
14.8182
13.8231
13.4058
14.6218
14.5698
13.8511
14.3639
15.6224
17.5088
14.6288
14.1049
15.3173
13.8286
14.1073
14.8375
13.9021
13.6390
14.1260
15.3268
14.1541
13.9130
16.9444
13.6620
13.3695
16.1978
13.0432
16.0822
14.4945
14.2071
15.8017
15.4980
13.8717
16.4065
17.1385
15.3830
14.4104
14.3472
14.7318
14.6017
15.5406
14.9190
13.1712
13.9794
15.4056
13.7187
15.0937
14.3463
14.5376
15.0591
15.9724
16.5651
15.8412
13.8576
14.4064
15.1203
14.1342
12.7985
16.5233
15.4902
14.9085
13.7632
14.0618
15.8540
15.1092
15.7665
15.1685
14.5381
14.5991
15.7907
14.8876
17.6173
13.2316
16.7690
13.8535
