5.6737
4.2219
4.6481
6.0393
5.0964
5.8368
6.3025
5.2268
5.1383
3.8723
6.1665
4.6182
5.0675
5.1946
6.4089
4.1024
5.5275
5.3530
4.8834
6.1933
4.9583
5.2053
3.3636
4.4632
6.3094
5.7304
5.5745
5.7932
4.6914
4.9817
2.9716
5.6170
4.5023
4.5178
5.2087
7.9491
5.5530
4.7211
5.4155
4.5958
6.3419
4.3813
5.6329
5.9493
6.6894
5.3847
4.2103
3.9248
5.5405
6.2901
5.3210
5.1944
6.7710
6.5826
3.6801
4.9724
5.1568
7.1257
4.9246
3.9944
4.5951
4.6962
5.3970
5.5684
4.7808
5.1173
5.4583
4.7545
4.3804
5.6096
4.4259
5.7495
5.7768
5.0049
4.8198
5.1478
5.1789
4.5797
4.7081
4.1852
3.4856
5.4488
5.8598
6.1458
6.4254
3.0555
5.0115
6.0458
5.7742
4.8897
4.3965
3.9873
4.8700
3.5870
3.7996
3.4139
4.4252
7.0001
5.0759
3.0976
