10.5377
8.6923
8.6501
9.7950
10.6715
11.0347
10.8884
11.4384
9.8978
9.9699
9.1363
11.5326
8.9109
10.0859
9.3844
8.5977
11.4193
10.6966
8.8520
10.1873
10.8404
9.3997
7.8616
10.1240
12.9080
9.7275
9.6462
10.0335
10.0229
9.0208
10.5201
9.8668
9.7062
10.3075
8.6680
10.4517
8.6383
11.0391
9.8048
10.8261
10.1832
10.5152
9.4680
8.8258
8.9358
9.5554
10.3919
9.6794
8.9333
8.4349
9.2658
9.7635
11.0001
8.3298
10.3271
9.0556
10.9111
10.2398
9.9755
9.9292
10.0799
9.3088
10.8979
9.4954
8.9851
10.3999
9.3709
9.4393
8.6019
11.5763
10.8810
9.3955
9.5323
10.3086
8.5306
9.0953
12.4245
11.8779
9.4417
9.7901
10.2696
10.1097
11.1741
10.8186
9.5070
10.1093
10.5265
8.6730
10.8123
11.5163
9.9372
8.8813
9.3593
9.2764
9.6269
10.4128
10.1769
9.8020
9.3831
9.3914
