8.0831
7.2036
8.4081
8.6298
9.2897
7.7995
7.6313
9.1469
8.5353
8.0053
8.5842
6.6714
7.1020
9.7351
7.9666
8.6784
9.2020
7.0407
6.4271
6.9046
7.1512
8.4121
8.0151
8.5265
8.3653
8.1223
7.6238
8.0807
7.9534
8.0777
9.5338
8.9750
7.3460
8.9940
8.5057
8.6972
7.8546
8.4178
6.4870
8.4979
9.9766
9.1072
6.8034
8.7530
8.9353
7.1873
8.0692
8.0893
8.7515
7.0582
6.4841
7.7660
8.3620
9.2960
8.3518
8.1775
6.7557
5.9324
9.0910
6.6484
9.0772
8.9595
6.5831
7.6358
8.7961
7.0090
7.1515
8.7824
6.4955
6.8179
9.1002
8.6430
7.1824
10.3206
9.2416
6.1557
7.5111
5.9005
8.5403
8.0484
7.5729
8.1056
8.1798
9.0992
7.5517
7.6216
8.1684
6.4688
8.2982
6.6499
5.9142
8.0076
7.4752
9.0666
8.6953
7.3260
7.2095
8.9611
9.3656
7.8740
