4.3309
3.9364
5.2695
5.9109
4.1695
7.5383
6.4099
6.0989
3.0929
5.0782
6.2128
5.4289
4.8129
5.2798
4.4659
4.2077
5.8542
5.7173
5.5531
6.6321
4.3845
6.1929
5.0173
4.6980
3.9553
5.4908
5.2818
4.1016
5.4567
5.4608
4.5507
5.6127
4.8933
5.6474
4.3814
4.3700
3.9235
5.2452
4.3452
4.2742
4.0116
5.9345
3.5410
5.7174
6.2823
5.6964
6.4230
4.9090
3.5551
6.3412
6.6234
4.5851
5.2213
7.7292
4.7262
5.9239
4.6995
5.0540
4.5268
5.4340
5.5279
4.9913
4.5172
3.7940
4.1202
5.1743
6.2816
3.2193
4.2798
5.7823
4.8048
4.4292
2.7402
5.4369
4.7922
4.6377
5.9276
4.8461
5.4584
4.4658
6.0262
5.0006
5.0669
5.1812
4.1061
6.5239
4.0610
4.0490
5.2657
5.2775
4.2030
4.7615
4.4056
4.4840
4.9806
4.6082
4.2593
7.2233
4.0812
7.3742
