8.1578
8.7253
9.0724
7.9208
7.5051
8.1367
7.1618
8.7873
8.4830
9.1391
6.3835
7.6801
5.8427
7.6283
8.2611
7.6874
7.3393
7.5073
7.6297
8.5492
7.9429
7.0629
6.8355
8.2648
10.4124
8.9623
8.0524
8.7947
8.3535
9.7909
10.7335
8.2897
9.2750
8.4284
8.3320
8.1688
7.6138
8.8199
8.4340
10.3156
8.5447
7.8144
7.7577
8.2135
8.6635
7.5616
10.4868
9.4561
7.3106
7.3471
5.7715
6.9533
7.7369
9.7813
8.8075
8.1533
7.8449
6.8454
7.8361
8.3642
7.9652
7.6591
8.2000
7.1738
6.4820
7.7469
7.7596
6.5793
8.4331
8.5838
8.1751
7.9872
7.8735
8.4145
7.8424
8.2884
7.7772
7.6098
8.9908
7.3351
8.5108
9.1284
7.0167
8.6532
6.4488
8.1431
6.8795
8.5046
7.8363
6.8378
8.2360
7.0624
9.1283
5.9008
8.8776
6.9048
7.5105
7.4422
6.3622
8.2996
