17.2962
17.7337
17.2883
14.6581
16.5354
16.1528
19.0313
18.9929
17.7636
16.8899
19.3733
17.5260
18.9624
18.8632
16.4297
16.6362
15.4949
17.9086
16.8235
17.5971
16.4791
17.9923
16.9051
15.4794
15.1705
17.9705
15.9289
17.7365
17.5546
16.0165
15.1465
16.3874
15.8851
15.3720
16.1912
16.1785
16.8983
17.5039
16.3410
17.7953
17.0530
19.4304
14.8901
17.1264
17.7833
18.0541
17.4052
15.9809
16.4229
17.4158
15.9281
16.8519
16.8472
16.7602
16.8103
16.1964
18.2046
18.9305
18.0569
16.2518
15.3837
17.4784
15.1455
18.3231
17.2717
16.9924
17.5646
17.2800
15.4754
17.0330
16.7380
16.4105
15.6369
19.0578
16.4164
17.7144
15.1731
17.1628
16.3517
16.1588
17.9840
17.1534
17.4872
17.2195
16.4021
16.0087
16.1047
16.7641
16.4255
17.9243
15.2213
17.2504
16.6181
17.6636
16.5586
16.9699
16.9102
16.0388
18.8593
17.2882
