18.0902
18.1363
15.6545
19.8092
16.6202
16.9241
16.3590
17.5590
17.1416
18.0966
17.9463
16.1475
17.4968
15.4540
16.2925
17.4402
16.8830
18.2576
17.1565
16.8817
16.9438
18.3058
18.3037
17.0228
16.8260
17.0826
15.7900
17.3347
18.0076
17.8776
17.2186
17.0723
18.0377
17.2641
17.5921
17.3464
17.7414
17.2010
17.3782
16.9796
18.7725
16.4397
17.5670
15.7126
17.6553
15.1326
18.4990
17.9549
17.8530
16.0511
17.8696
16.3896
17.6770
16.0931
18.9434
17.4670
17.2056
16.9931
18.6148
16.6272
16.0307
16.1793
16.1216
17.0243
16.6477
16.5375
15.1471
17.7291
17.3064
17.2739
18.0135
16.1940
17.4378
16.8098
16.6096
17.6271
17.6929
17.1284
16.8007
18.1886
16.6373
17.3189
18.0571
14.1386
16.3103
17.4745
17.6670
18.9645
16.5159
18.3779
15.0021
16.3138
17.0103
16.7872
16.8444
17.5963
16.9081
16.7998
15.7730
16.9521
