16.8701
17.4717
17.0535
17.2870
18.6182
18.4393
16.6193
16.6616
17.6706
16.9145
18.5890
17.2578
15.4515
17.1030
15.2457
16.7918
17.4949
14.9232
17.2790
17.0576
17.1921
16.1354
16.4031
16.6654
15.6406
18.1935
16.3274
17.1541
17.7301
16.9157
17.4631
16.5843
16.4710
16.4408
17.2405
16.8153
19.4739
16.3868
17.6672
18.8031
16.5434
17.7930
17.6239
15.4334
17.3286
17.8486
15.4132
15.8281
17.3023
16.1789
15.2412
17.2544
17.4693
18.3964
17.4416
17.3261
17.0284
17.5283
15.0022
18.3372
16.3338
18.0840
18.0496
16.3943
19.6736
16.6542
16.5636
15.6744
18.2374
18.5245
18.2437
17.9569
16.6585
16.1865
16.5518
16.8692
17.3176
16.8832
16.9439
16.3414
15.5202
18.3218
17.3022
16.6580
17.1509
16.1074
17.0065
17.0845
17.7782
15.1023
16.6636
17.7934
16.5890
17.4582
17.5094
17.8070
16.0730
17.3492
17.8916
17.4441
