18.2008
17.1203
18.3919
18.2481
17.3843
16.4241
16.0218
18.6359
18.1274
17.3710
16.5261
14.5348
18.4063
17.1340
17.4931
16.3729
18.8097
15.8458
16.3479
17.2447
15.7210
17.5762
18.3832
17.6718
17.4300
17.1436
18.3189
15.9300
15.8272
17.0520
15.9032
19.2444
17.6853
18.6173
18.1610
17.9931
16.1130
16.1775
16.1668
18.0375
16.8221
16.5285
16.2006
17.6809
16.6894
15.0203
16.2975
15.6148
16.1636
17.0430
15.9259
17.2519
16.4426
17.9210
16.1562
17.2876
15.5959
17.9411
17.0147
16.8007
16.5082
15.9589
18.7998
16.4826
17.3586
17.7103
16.1985
17.0846
17.5024
17.1236
15.2693
18.4915
17.6806
16.6255
18.7095
15.6843
17.5359
18.1591
16.9620
16.8452
17.1012
16.6830
15.4334
16.1218
17.4189
17.8368
17.3133
17.6528
17.4998
17.5881
16.0774
17.2862
15.6288
17.2258
15.9451
16.5426
16.9937
18.7848
17.9271
19.2652
