16.6413
16.3132
17.0007
16.7678
16.8982
16.8675
17.5205
17.5636
18.9281
16.6018
17.8182
17.5117
17.0828
17.4333
15.6520
15.4974
18.2262
18.4525
16.1498
15.7106
16.7903
16.2707
16.8742
15.8222
18.6312
17.7167
15.9259
17.4119
17.1135
18.0141
17.7942
17.8655
18.8222
15.8729
17.2427
16.7389
18.3922
15.9929
15.8847
17.6190
14.4912
15.7735
16.9986
17.2181
16.4625
15.1676
17.1378
16.3989
17.4773
17.5416
17.9811
17.7610
17.8493
17.1444
16.7531
17.0046
15.0088
16.6618
16.1841
16.1526
16.5259
17.1011
17.6477
16.8376
17.1324
16.4721
17.0532
17.9008
16.0608
17.7542
16.0723
15.8874
16.8567
16.0613
16.3099
15.6687
16.3125
18.0395
17.8817
16.5851
16.2612
15.5435
16.4124
17.5356
17.6712
18.2522
17.8281
17.8846
17.2384
18.8512
16.6429
16.1867
17.2041
16.9560
17.1291
16.8865
16.0788
17.9404
16.6728
15.4481
