11.8339
9.5664
13.0349
9.8759
8.7925
10.7269
8.8529
10.3252
9.7586
9.8351
10.0774
9.2303
10.0326
8.5084
10.7481
8.5776
10.2916
10.8351
10.1049
9.9175
9.1120
10.4900
9.1604
11.4367
10.8252
11.0984
9.1764
8.6663
9.7380
8.8436
9.9800
9.2855
9.1521
8.7429
7.6701
9.8697
10.4550
8.8824
9.7824
11.5270
8.9702
10.2614
11.6821
9.8078
11.6035
9.8441
8.7493
10.0125
10.9337
9.9155
9.9692
12.0237
8.3358
10.4716
11.0826
8.6782
10.5946
9.3096
8.0512
7.5137
9.0515
10.4494
9.8681
8.7294
9.5289
9.0700
8.7962
12.1778
9.7449
9.5191
10.3232
10.1034
9.8751
9.7661
10.1922
9.7117
10.9594
10.9407
9.6886
8.3011
10.4943
11.1287
10.1269
9.7074
9.8193
11.8140
9.7397
8.5590
10.5455
9.9674
7.9780
9.3736
11.8089
9.4067
10.8155
9.0130
9.6925
10.3277
10.2748
9.2629
