7.7412
10.3426
10.7254
11.4897
10.7172
9.6966
8.9311
9.2451
10.3192
10.6277
8.7859
10.3714
10.5525
9.2577
9.8076
10.4882
10.1978
9.7563
10.7223
8.0670
10.1001
10.7394
11.3546
8.0391
11.3790
9.7221
8.4229
11.1275
8.2498
9.4664
9.9652
11.3514
8.8799
9.1345
8.5509
10.1837
9.1513
11.2607
9.6969
10.4669
10.9492
9.0585
9.1243
9.7259
11.2347
10.2761
9.0520
6.9708
10.3503
11.6039
10.2323
7.7416
9.4100
8.7872
11.0061
10.9248
10.3502
9.3484
11.0205
10.5812
10.4115
10.1006
9.8528
9.6174
10.1370
9.8232
9.7461
11.1385
10.1644
10.3275
9.2159
10.5632
11.4790
8.9430
9.1777
10.3501
9.6842
10.7873
9.4300
10.6076
8.5169
9.7100
9.3432
9.4592
10.0458
10.3120
10.6001
10.4018
8.9484
11.6360
9.0179
10.2495
8.9201
10.4013
10.7989
10.7596
9.8682
9.7617
10.6011
8.2501
