10.8622
13.5784
9.9369
11.4090
11.6302
10.2939
9.1905
11.3703
10.3129
11.0933
8.8865
9.7744
11.1006
8.9384
10.8886
9.8226
11.5877
10.2157
12.5855
9.5610
9.4555
11.7119
8.9278
9.8023
8.9418
10.7015
10.5080
10.3502
9.7143
7.9974
9.2018
9.7752
12.5260
9.8235
10.3335
9.5238
9.6651
10.6601
10.0230
9.7903
10.3071
9.8377
9.5162
11.5301
9.7704
9.7388
9.2589
9.5430
9.9710
10.0983
10.4264
12.2294
9.7219
10.0662
9.3491
10.0000
11.2503
11.1921
10.8617
7.8076
10.6770
10.8261
11.0078
10.6487
9.7081
7.8679
8.5714
7.5031
10.7477
10.6647
8.1946
10.1136
9.1392
9.7159
9.9058
8.1641
10.4286
9.1241
8.9743
9.8822
8.9797
11.2616
8.5186
9.6914
9.9362
11.8045
10.5939
11.4702
10.3975
9.5749
10.6125
9.0070
10.1992
10.9421
10.1202
9.3428
10.5954
10.2296
10.0923
10.9105
