10.3188
12.7694
10.7147
11.4172
10.4889
9.2127
7.0557
8.2885
9.1351
11.1093
9.9932
11.1174
11.5442
12.3505
9.2352
9.8039
9.1955
8.8342
9.3331
8.2053
10.3035
9.8059
10.9610
8.7922
9.5314
7.9482
10.2820
9.7009
9.1686
10.9642
11.0187
9.4110
11.6555
10.7914
10.3914
10.8620
10.5528
9.9321
10.0513
10.6252
10.1352
9.8539
9.2880
9.7510
8.4938
10.4434
9.4922
11.2424
10.1825
10.0414
9.6272
10.3376
10.4227
10.6524
10.2571
9.9451
10.9298
8.3882
10.0012
7.6807
10.8577
10.5362
7.8763
10.8257
10.3018
11.1454
9.9791
10.4413
9.7270
10.0852
11.8586
9.0953
10.7847
9.9133
10.3362
11.0360
8.9640
10.3199
9.0913
10.6992
9.5530
10.4754
10.1555
8.9034
10.6113
9.2769
7.8140
9.6732
9.2481
10.5894
9.9451
10.9750
8.4790
10.3005
10.5712
9.3961
11.0468
10.4400
11.7298
10.8671
