14.9201
15.4400
13.8593
15.5413
13.7167
15.0355
15.2458
13.6571
15.8998
15.6293
14.5619
14.4684
14.5860
15.6489
16.0289
13.7629
15.4136
14.1812
14.3102
15.8840
15.4759
14.4903
16.0341
15.2445
15.9239
14.5836
15.0645
14.0605
14.0095
15.1102
13.5173
13.3727
17.0243
15.3179
15.6474
16.0635
14.2422
14.5907
15.0780
13.6147
16.9085
15.6901
13.5842
15.7796
15.4147
14.4851
14.8271
13.5736
14.4282
15.0303
16.4600
14.4073
15.4207
15.9704
13.8067
13.4495
16.0533
17.7891
13.5755
15.4011
15.5411
15.4120
15.8535
15.4772
14.5901
14.4565
15.9758
15.5409
16.3845
11.9270
13.5807
12.7967
13.8777
13.7706
14.5902
13.5331
15.2570
13.3067
14.5853
14.3751
15.4364
13.9632
15.1807
14.2255
16.7985
15.7653
14.2397
15.2147
16.6742
15.3891
14.7494
16.7447
14.6988
15.8836
14.4862
15.2877
13.4434
15.5510
14.5771
16.5106
