15.8985
15.1017
13.9067
15.3893
12.6710
17.2272
15.0700
13.9678
14.6999
14.7870
14.5913
15.9726
14.5617
14.6399
16.4580
12.8065
14.4229
15.5197
14.3333
15.1803
16.4122
14.9971
15.2916
15.8084
15.2669
16.2247
15.6003
14.9625
13.8270
15.7871
14.9562
15.1663
12.6405
15.1380
14.5744
16.1569
14.4360
14.8391
16.3244
15.3105
15.1222
15.5558
15.0596
15.4394
15.3484
14.1036
13.7913
13.9855
14.7500
15.8531
17.0500
14.5302
15.4007
14.4314
15.6470
15.1716
14.2511
15.7276
15.7174
15.9297
13.4591
15.4055
13.1470
14.9287
14.2887
14.0881
14.8431
13.7374
14.9373
15.6263
14.2706
14.4288
15.3062
14.7290
14.4965
13.3742
14.0258
14.5506
16.9122
13.8313
14.4956
14.1429
16.2665
13.6067
14.8831
15.7783
14.3064
17.0108
15.1250
13.8440
14.8101
13.8395
14.3013
15.4359
15.7964
15.0032
16.9151
15.2942
13.9469
15.1640
