15.1837
17.7873
14.5664
15.7512
15.9019
14.9308
14.3914
16.3312
16.0294
14.1343
15.9835
14.4777
17.0034
15.7059
15.0475
14.6666
15.1440
14.9858
15.8641
15.5509
15.0226
15.9199
14.2223
15.2130
15.6417
14.9564
13.6385
13.1037
13.2746
14.9978
15.9608
15.3763
14.4900
14.2893
16.0486
15.0530
15.5551
15.4093
14.7868
14.7505
16.0470
13.8797
14.5887
14.9104
15.3493
13.7967
14.7029
14.7867
13.4307
15.4043
15.1205
15.8864
15.0951
15.8100
14.6464
14.9379
14.0637
14.2269
14.2221
13.3942
14.7969
14.6362
14.7927
14.0617
15.0614
15.6527
15.2778
16.1104
15.4489
14.7133
16.1473
15.2140
13.8277
14.1000
16.2333
13.0352
13.8536
14.9157
14.6091
15.3926
15.1021
14.8301
14.7488
14.6138
14.6798
13.5197
16.2815
15.0256
15.5301
15.0397
13.9671
17.3774
15.8328
15.8967
14.3288
15.3656
15.6098
14.2222
15.6478
14.7172
