15.2908
13.8333
14.8315
16.7783
13.1644
14.4927
13.7774
14.5811
14.6549
13.9569
14.7023
15.1766
15.9510
16.4158
16.7463
15.7135
13.3613
13.8445
15.1134
15.6830
14.9521
15.1498
15.5667
15.8797
15.4255
15.5824
15.3476
12.8720
15.2882
15.0931
16.7382
14.7730
13.6784
15.7770
15.6607
13.7116
14.4432
14.0474
14.8655
15.5037
14.7731
13.4673
14.6320
16.0212
14.2708
16.0378
11.7680
14.6747
14.5226
14.2994
14.0101
13.6148
15.4967
15.1732
15.0464
16.1990
13.7309
15.8366
15.3160
15.6615
14.5000
14.4007
15.2704
15.1614
13.1539
14.2657
15.6395
14.0104
14.6367
14.8027
15.5979
15.9424
14.0390
14.7143
15.6103
17.6052
15.5476
13.0080
15.4092
16.3018
16.1963
14.8083
14.7954
15.5256
15.8175
15.5404
14.1903
15.3083
14.0479
14.5494
14.6767
16.5261
14.3054
15.5047
16.1867
18.5267
14.3521
13.9351
14.6824
16.1522
